         0         0         0   76.0000         0   12.0000    2.0000         0
         0   24.7488    4.4261   59.0000    1.0000    8.0000    5.0000    1.0000
   22.8305         0   37.7586   59.0000    1.0000   16.0000    2.0000    1.0000
   20.7547    6.8440    8.5812   49.0000         0   16.0000   10.0000    1.0000
   14.8615   11.2458    7.8759   31.0000         0   12.0000    2.0000    1.0000
    5.7093   47.9795   35.1010   63.0000    1.0000   12.0000    2.0000         0
    7.1802   22.6028   18.6384   56.0000    1.0000    8.0000    3.0000    1.0000
   26.9908   40.9869   28.7373   43.0000    1.0000   12.0000    1.0000    1.0000
         0  106.0536         0   60.0000    1.0000    9.0000    1.0000         0
         0         0         0   59.0000    1.0000   16.0000    2.0000    1.0000
   42.9695   10.0497   35.9878   45.0000    1.0000   14.0000    5.0000    1.0000
   17.5163   90.6837   26.2611   43.0000    1.0000   14.0000    5.0000    1.0000
   41.2656  137.2718   26.4995   45.0000    1.0000   14.0000         0    1.0000
   39.9474         0   30.1716   45.0000    1.0000   16.0000    4.0000    1.0000
    2.6733   79.1127   19.0608   43.0000    1.0000   12.0000    8.0000    1.0000
   24.9790   36.9836   16.3174   27.0000    1.0000   12.0000    1.0000    1.0000
         0   10.0497         0   69.0000         0    8.0000    2.0000         0
   24.2163    9.3748   18.9691   48.0000    1.0000   12.0000    5.0000    1.0000
   42.0999   14.4588   36.7978   44.0000    1.0000   16.0000    5.0000    1.0000
    1.7198   39.1165    2.9604   27.0000         0   16.0000    1.0000         0
   11.5631   14.4718   17.4531   36.0000         0   12.0000    1.0000    1.0000
    4.7301   36.9836   14.4727   53.0000         0   12.0000    3.0000    1.0000
    2.6917    1.1390   10.6820   51.0000         0   12.0000    2.0000         0
   31.7735         0    8.3911   48.0000    1.0000   10.0000    2.0000    1.0000
    5.7493   23.1342   10.7824   37.0000         0   14.0000    1.0000    1.0000
         0         0    4.2401   73.0000    1.0000   16.0000    2.0000         0
    1.3103    6.8440    0.4736   65.0000         0   11.0000    1.0000    1.0000
         0   14.4718         0   59.0000    1.0000   12.0000    5.0000         0
   23.6185   13.1444   20.6454   53.0000    1.0000   12.0000    3.0000    1.0000
    8.9965   82.9875   18.6333   53.0000         0   12.0000    6.0000    1.0000
   42.0541         0   17.6219   43.0000    1.0000   16.0000    2.0000    1.0000
         0         0         0   45.0000         0   16.0000    2.0000    1.0000
   32.4398         0   26.7788   40.0000    1.0000   15.0000    2.0000    1.0000
   15.1044   22.1491   15.5337   43.0000    1.0000   16.0000    4.0000    1.0000
         0  323.3159    6.8983   36.0000    1.0000   14.0000   10.0000    1.0000
   24.0043         0   16.0329   35.0000         0   12.0000    3.0000    1.0000
   40.8514   92.3120   35.5591   37.0000    1.0000   17.0000    2.0000    1.0000
   24.6621         0   12.2377   30.0000         0   16.0000    2.0000    1.0000
    5.5639   31.3683         0   32.0000         0   12.0000    4.0000         0
    7.6237         0    2.6533   26.0000    1.0000   16.0000    1.0000         0
    7.1367   53.8163    1.9453   25.0000    1.0000   12.0000   10.0000    1.0000
         0         0    5.5932   72.0000    1.0000   12.0000    1.0000         0
    3.0580         0    8.7250   73.0000    1.0000   13.0000    3.0000    1.0000
    7.1093   53.4908   36.1683   64.0000    1.0000   12.0000   10.0000         0
         0   29.1050         0   57.0000    1.0000   14.0000    2.0000    1.0000
         0   11.4565         0   51.0000         0   16.0000    3.0000    1.0000
    3.5445         0         0   61.0000         0   16.0000    2.0000    1.0000
    4.8213         0    0.6311   46.0000    1.0000   16.0000    4.0000    1.0000
   32.6702         0   31.4458   47.0000    1.0000   14.0000    1.0000    1.0000
    0.5677   24.1091    5.8183   42.0000         0   16.0000    5.0000         0
   10.1937    9.8144    0.0332   38.0000         0   12.0000    4.0000         0
   26.5454   31.6595   13.8226   37.0000    1.0000   14.0000    2.0000    1.0000
    9.4002   17.0341    2.9037   34.0000         0   12.0000    4.0000    1.0000
   16.1101   10.0497    2.0915   24.0000         0   14.0000    2.0000    1.0000
   20.5080         0   40.0890   69.0000    1.0000   16.0000    5.0000    1.0000
    1.0059         0    3.5298   61.0000         0   16.0000    2.0000    1.0000
   26.4352   41.7676   37.3410   55.0000    1.0000   12.0000   10.0000    1.0000
   42.5313         0   37.7586   48.0000         0   16.0000    6.0000    1.0000
   33.7745   22.7695   19.5782   47.0000         0   12.0000    5.0000    1.0000
    0.8850  159.1095    6.4201   43.0000    1.0000   15.0000   10.0000    1.0000
   29.8057    1.1390   25.9946   48.0000    1.0000    9.0000   10.0000    1.0000
   22.6927         0   26.9265   46.0000    1.0000   11.0000    1.0000    1.0000
         0         0         0   47.0000    1.0000   16.0000    2.0000    1.0000
   42.5232         0   38.8446   42.0000    1.0000   14.0000    2.0000    1.0000
    2.1875         0    6.8296   42.0000    1.0000   16.0000    2.0000    1.0000
   10.4479   33.8369    5.5128   38.0000         0   14.0000    2.0000    1.0000
   23.2874   11.9259   21.3293   39.0000    1.0000   12.0000    6.0000    1.0000
   12.0697   11.3042    9.9329   36.0000    1.0000   14.0000    2.0000    1.0000
    4.0677         0   21.6316   36.0000         0   16.0000    2.0000    1.0000
    9.7015   76.1132   17.7627   34.0000    1.0000   12.0000    6.0000    1.0000
         0         0         0   78.0000    1.0000    8.0000    8.0000         0
    2.6685   19.9099    4.1743   74.0000         0    9.0000    5.0000    1.0000
         0         0         0   62.0000    1.0000   16.0000    2.0000    1.0000
         0   23.8847         0   61.0000    1.0000    9.0000   10.0000    1.0000
   34.4735         0   37.7586   59.0000    1.0000   12.0000    3.0000    1.0000
    6.6941  264.3510    4.9005   61.0000    1.0000   10.0000    5.0000    1.0000
         0         0    0.7027   61.0000         0   12.0000    2.0000    1.0000
   11.2433   50.4419   20.5822   53.0000         0   12.0000    2.0000    1.0000
    1.4048  130.2634   34.8279   50.0000    1.0000   12.0000    1.0000    1.0000
   19.3103         0   17.7199   47.0000    1.0000   14.0000    1.0000    1.0000
   34.6468         0   28.8289   44.0000    1.0000   13.0000    2.0000    1.0000
   42.7724         0   38.7521   38.0000    1.0000   16.0000    2.0000    1.0000
   43.1379         0   26.0259   43.0000    1.0000   14.0000    2.0000    1.0000
    3.1626         0    1.9825   41.0000         0   12.0000    2.0000    1.0000
    0.3915   11.2458   18.9105   38.0000    1.0000   16.0000    3.0000    1.0000
   42.6010         0   39.1242   42.0000         0   16.0000    3.0000    1.0000
   27.9914         0   26.9032   39.0000    1.0000   12.0000         0    1.0000
    8.9355   22.6028    8.6346   31.0000         0   16.0000    2.0000    1.0000
   16.1198   25.0144   34.3711   57.0000    1.0000   16.0000    3.0000    1.0000
   34.8639         0   24.3823   34.0000    1.0000   14.0000    2.0000    1.0000
   33.3915         0   21.5410   32.0000         0   16.0000    1.0000    1.0000
    5.7186  119.3723   11.5399   28.0000    1.0000   12.0000   10.0000    1.0000
   30.1200   16.3802    0.7067   27.0000    1.0000   16.0000    1.0000    1.0000
    4.2586         0   18.8244   71.0000    1.0000   14.0000    2.0000    1.0000
    2.6041   35.0655   13.8538   68.0000    1.0000   16.0000   10.0000    1.0000
   40.9557         0   31.8240   63.0000    1.0000   14.0000    2.0000    1.0000
    5.2411         0    7.2067   59.0000    1.0000    8.0000    1.0000    1.0000
   38.4526         0   38.1322   60.0000    1.0000   14.0000    1.0000    1.0000
         0         0         0   73.0000    1.0000   13.0000    2.0000         0
   42.7724         0   39.0171   57.0000    1.0000   16.0000    2.0000    1.0000
    6.2397         0   26.9456   53.0000    1.0000   16.0000    1.0000         0
    0.0727         0    0.2519   49.0000    1.0000   16.0000    2.0000    1.0000
         0   33.8369         0   48.0000         0   12.0000    2.0000         0
   12.3490         0    0.3271   47.0000    1.0000   16.0000    2.0000    1.0000
    0.2258   32.6185   21.6217   51.0000    1.0000   12.0000   10.0000         0
    2.9711         0   10.4434   45.0000    1.0000   16.0000    2.0000    1.0000
   16.5966   22.5384    2.6905   44.0000         0   13.0000    4.0000    1.0000
   18.6746   14.4718   15.6097   29.0000         0   13.0000    2.0000         0
   42.5253   52.0000   27.3025   38.0000    1.0000   13.0000   10.0000    1.0000
   24.8691         0    8.6456   28.0000         0   14.0000    1.0000    1.0000
   17.4270   31.6595    2.9561   23.0000    1.0000   12.0000    1.0000    1.0000
         0         0         0   83.0000    1.0000   10.0000    1.0000         0
         0         0    1.1933   75.0000         0   12.0000    2.0000         0
         0   43.9197         0   64.0000    1.0000   16.0000   10.0000    1.0000
         0         0         0   62.0000         0   12.0000    2.0000         0
         0         0    0.0400   61.0000    1.0000   17.0000    2.0000         0
   10.5058         0    6.2065   55.0000         0   12.0000    2.0000    1.0000
    6.6644         0   19.2847   53.0000    1.0000   15.0000    2.0000    1.0000
   12.6545         0    2.0277   50.0000    1.0000   16.0000   10.0000    1.0000
    0.1005   28.6220    7.8796   53.0000    1.0000   12.0000    4.0000    1.0000
   11.5973         0    4.2115   50.0000    1.0000   16.0000    2.0000    1.0000
   36.8650         0   30.1484   47.0000    1.0000   12.0000    2.0000    1.0000
         0  131.0321         0   46.0000    1.0000   13.0000    5.0000    1.0000
   18.1505   22.5835   17.6760   47.0000    1.0000   12.0000   10.0000    1.0000
   25.6799         0   10.6721   45.0000         0   14.0000         0    1.0000
   32.4753   37.3357   24.8713   38.0000    1.0000   16.0000    5.0000    1.0000
   12.5329   12.6560    4.8714   42.0000         0   12.0000    2.0000    1.0000
    2.7117         0    0.3724   38.0000         0   14.0000         0         0
    5.2701  171.7324   28.8490   36.0000    1.0000   12.0000   10.0000    1.0000
         0         0         0   80.0000         0   12.0000    2.0000         0
         0         0         0   73.0000         0   12.0000    2.0000         0
   37.5653         0   36.7978   68.0000    1.0000   16.0000    2.0000         0
   35.4236         0   38.7701   60.0000    1.0000   12.0000    2.0000    1.0000
         0  115.7576   16.1406   54.0000    1.0000   12.0000    2.0000    1.0000
   42.5801   34.1109   37.7586   48.0000    1.0000   14.0000    2.0000    1.0000
   17.5815         0   34.1777   46.0000    1.0000   16.0000    2.0000    1.0000
   15.5754         0   11.7682   48.0000         0   14.0000    2.0000    1.0000
   18.3158         0   15.6013   40.0000    1.0000   16.0000    2.0000    1.0000
         0         0         0   44.0000    1.0000   16.0000    2.0000    1.0000
    0.5092   10.8570    1.2524   43.0000    1.0000   13.0000   10.0000    1.0000
   42.0999         0   36.7978   41.0000    1.0000   16.0000    1.0000    1.0000
   42.8807         0   34.6047   42.0000         0   13.0000    2.0000    1.0000
    9.2818   32.8150    5.6624   39.0000         0   13.0000    3.0000    1.0000
   23.2227   11.3042   22.2655   40.0000    1.0000   12.0000   10.0000    1.0000
    5.4969   24.8556   12.6566   40.0000    1.0000   14.0000   10.0000    1.0000
    7.9460   37.1310    9.2381   31.0000    1.0000   13.0000    2.0000    1.0000
         0         0   21.0882   73.0000    1.0000   14.0000    3.0000         0
         0         0         0   70.0000    1.0000   10.0000    1.0000         0
   11.9249         0   13.1974   61.0000         0   16.0000    2.0000    1.0000
    1.4655    9.8144    4.9863   52.0000         0    8.0000   10.0000    1.0000
   42.5313         0   39.4982   59.0000    1.0000   14.0000   10.0000    1.0000
   19.7171   16.3802   19.8910   50.0000    1.0000   12.0000    4.0000    1.0000
         0   26.2538    0.1704   52.0000         0   12.0000    6.0000    1.0000
         0         0         0   55.0000         0   16.0000    6.0000    1.0000
   20.6843         0   32.7495   52.0000    1.0000   16.0000    2.0000    1.0000
   20.5300   16.3802   13.4867   47.0000         0   12.0000   10.0000    1.0000
         0         0         0   44.0000    1.0000   12.0000   10.0000    1.0000
   13.8365   34.1109    4.0477   28.0000    1.0000   14.0000    2.0000    1.0000
   42.5313         0   37.7586   40.0000    1.0000   16.0000    1.0000    1.0000
   27.4016         0    4.8170   27.0000    1.0000   16.0000    2.0000    1.0000
    0.0280         0    1.3437   70.0000    1.0000   14.0000    2.0000         0
    1.4728  107.1269   29.1198   66.0000    1.0000   12.0000    5.0000    1.0000
         0         0   11.9822   70.0000    1.0000   15.0000    2.0000         0
         0   63.3059         0   76.0000         0   14.0000    6.0000         0
         0         0         0   56.0000    1.0000   12.0000    4.0000    1.0000
   39.0103   10.8570   34.8988   56.0000    1.0000   12.0000   10.0000    1.0000
   39.2330         0   35.8344   49.0000    1.0000   15.0000    2.0000    1.0000
   21.9727   26.4744   18.9213   48.0000         0   12.0000    4.0000    1.0000
    5.6992   34.1109    0.7247   47.0000         0   16.0000   10.0000    1.0000
   31.6555  114.0850   34.8252   44.0000    1.0000   14.0000    5.0000    1.0000
    0.0794         0         0   46.0000         0   16.0000    1.0000         0
    9.5629   26.2538    6.3752   29.0000         0   15.0000   10.0000    1.0000
   28.9593   11.4565   23.1988   36.0000         0   14.0000    4.0000    1.0000
    3.4611   12.1690    5.6227   29.0000         0   14.0000    1.0000    1.0000
    1.3351  152.7037    1.4011   30.0000    1.0000   13.0000    2.0000    1.0000
         0  140.3620         0   80.0000    1.0000   11.0000    6.0000         0
    8.3089         0   12.3210   59.0000    1.0000   15.0000         0    1.0000
   32.3929         0   36.7978   58.0000    1.0000   14.0000    1.0000    1.0000
   21.1780         0   16.2822   56.0000         0   13.0000    1.0000    1.0000
   13.9342         0   20.7082   49.0000    1.0000   16.0000    2.0000    1.0000
   43.1379         0   37.0466   37.0000    1.0000   16.0000    2.0000    1.0000
    1.2575   61.9415   11.5191   37.0000    1.0000   12.0000   10.0000    1.0000
   27.1181   22.9820   19.7805   41.0000    1.0000   14.0000    1.0000    1.0000
         0         0         0   77.0000         0   17.0000   10.0000         0
         0   49.0005         0   63.0000    1.0000   16.0000   10.0000         0
         0   26.6196    0.6935   56.0000    1.0000   16.0000   10.0000    1.0000
    0.0559         0    0.0286   49.0000         0   16.0000    2.0000    1.0000
    0.4169         0         0   49.0000         0   16.0000    2.0000    1.0000
   40.2345         0   32.9948   43.0000    1.0000   12.0000    2.0000    1.0000
   42.0999         0   36.7978   43.0000    1.0000   16.0000    2.0000    1.0000
    1.3506         0    0.0563   40.0000         0   14.0000    1.0000    1.0000
   24.3107   17.0341   19.4277   31.0000    1.0000   16.0000    4.0000    1.0000
   12.4605   24.1091    4.4517   38.0000    1.0000    9.0000   10.0000    1.0000
   15.9942         0   24.5292   66.0000    1.0000   10.0000    4.0000    1.0000
    9.9202         0   18.8912   67.0000         0   13.0000    1.0000    1.0000
         0   71.6424    4.2143   68.0000         0   13.0000    5.0000         0
         0         0         0   69.0000    1.0000   13.0000    2.0000    1.0000
         0   22.7695         0   79.0000         0    8.0000   10.0000         0
   16.9174         0   24.9155   58.0000         0   16.0000    1.0000    1.0000
   33.0421   45.5444   36.7978   54.0000    1.0000   14.0000    4.0000    1.0000
         0         0    7.1337   70.0000         0   15.0000    2.0000         0
         0   33.8369         0   55.0000         0   12.0000    3.0000    1.0000
   31.5757         0   20.1913   54.0000         0   16.0000    1.0000    1.0000
   42.5553         0   37.7586   50.0000    1.0000   16.0000    3.0000    1.0000
    4.9599   85.1850    4.8029   46.0000         0    8.0000    2.0000    1.0000
   14.5616         0   13.2651   44.0000         0   15.0000    2.0000    1.0000
   23.8177         0    5.7962   28.0000    1.0000   16.0000    1.0000    1.0000
         0   56.0880    0.0969   25.0000         0   10.0000   10.0000         0
    0.0776         0    0.1175   78.0000    1.0000   14.0000    1.0000         0
    0.1707   39.8259   19.5941   70.0000    1.0000   12.0000    5.0000    1.0000
    6.3595   82.9875   35.1110   65.0000    1.0000   16.0000    1.0000    1.0000
   27.9200         0   34.2280   64.0000    1.0000   16.0000    1.0000    1.0000
         0         0         0   61.0000         0   12.0000    1.0000         0
   42.7724         0   39.0171   59.0000         0   14.0000    2.0000    1.0000
   10.8343         0    8.9238   52.0000         0   13.0000    2.0000    1.0000
   42.0999         0   36.7978   46.0000    1.0000   16.0000         0    1.0000
   26.7412   24.7488   24.2103   48.0000    1.0000   13.0000    2.0000    1.0000
   37.3004         0   37.1950   43.0000    1.0000   14.0000    2.0000    1.0000
   39.2125         0   27.2727   45.0000         0   16.0000    2.0000    1.0000
   31.9854  104.8484   34.9676   40.0000    1.0000   15.0000    3.0000    1.0000
   42.7724         0   39.0171   40.0000    1.0000   16.0000    6.0000    1.0000
   36.5848   26.4365   28.8994   34.0000    1.0000   12.0000    5.0000    1.0000
   25.0443         0   14.0021   35.0000    1.0000   16.0000    2.0000    1.0000
   17.1160   60.9901   17.1939   33.0000    1.0000   16.0000   10.0000    1.0000
   25.5023   35.1740   17.3428   30.0000    1.0000   13.0000    1.0000    1.0000
    0.0057   32.8357    0.4576   24.0000         0    9.0000    3.0000         0
   38.1085         0   28.1977   33.0000    1.0000   16.0000    1.0000    1.0000
         0         0    1.2923   81.0000    1.0000   16.0000   10.0000         0
         0   22.7579         0   68.0000         0    9.0000    1.0000         0
    3.5057   54.6808    8.6779   68.0000         0   10.0000    4.0000    1.0000
    2.0561         0   19.0636   66.0000    1.0000    9.0000    4.0000         0
   12.0368         0   37.7586   68.0000    1.0000   14.0000    1.0000    1.0000
         0         0   13.3811   68.0000    1.0000   14.0000    2.0000         0
   37.5199   96.7770   37.7586   54.0000    1.0000   14.0000    5.0000    1.0000
   42.7724         0   39.0171   50.0000    1.0000   16.0000   10.0000    1.0000
   10.2602         0   14.6541   44.0000    1.0000   14.0000    2.0000    1.0000
   36.0836         0   28.1653   46.0000    1.0000   11.0000    8.0000    1.0000
   30.4948  149.3758   33.7689   44.0000    1.0000   16.0000   10.0000    1.0000
    3.0114   17.0341   11.9758   42.0000         0   15.0000    1.0000    1.0000
    9.9436         0   27.5505   34.0000         0   16.0000    2.0000    1.0000
   19.4700   23.1625    2.5418   40.0000    1.0000   15.0000    2.0000    1.0000
   26.9162  107.1453    6.2029   28.0000    1.0000   16.0000    5.0000    1.0000
   37.9252         0   17.9194   35.0000         0   16.0000    2.0000    1.0000
         0         0         0   77.0000    1.0000   12.0000    2.0000         0
         0         0         0   81.0000         0   12.0000    1.0000         0
    0.4732  225.0345   10.8317   66.0000         0    8.0000    3.0000         0
         0         0         0   82.0000    1.0000   16.0000    2.0000         0
   26.7435         0   39.5935   61.0000    1.0000   16.0000    2.0000    1.0000
   31.0924         0   26.7576   59.0000    1.0000   14.0000    2.0000    1.0000
   35.9525   89.1468   34.5227   55.0000    1.0000   14.0000   10.0000    1.0000
         0   10.0497         0   54.0000    1.0000   14.0000         0    1.0000
   28.8240         0   24.5419   55.0000         0   14.0000    3.0000    1.0000
         0         0         0   50.0000    1.0000   16.0000    2.0000    1.0000
         0   31.3683    2.4631   47.0000         0   12.0000    2.0000         0
         0   23.1342         0   47.0000    1.0000   16.0000    2.0000    1.0000
   14.9008         0   14.6727   43.0000    1.0000   12.0000    2.0000    1.0000
    1.1042         0    0.2037   41.0000         0   16.0000    1.0000    1.0000
   26.6739    5.3558   17.1150   42.0000         0   14.0000   10.0000    1.0000
   12.9149   53.8163   10.2426   39.0000         0   11.0000    6.0000    1.0000
    1.2562   16.3802   10.4823   34.0000    1.0000   14.0000    5.0000    1.0000
   25.3659   16.3802   10.5235   30.0000         0   14.0000    6.0000    1.0000
   16.9950   10.0497    3.6126   25.0000         0   13.0000    1.0000    1.0000
    1.7236         0    2.1735   72.0000    1.0000   13.0000    2.0000         0
         0         0         0   67.0000    1.0000   12.0000    3.0000         0
         0         0         0   77.0000         0   14.0000    4.0000         0
   18.7626         0   17.1860   63.0000    1.0000   13.0000    4.0000    1.0000
    1.9484   55.9068    4.3352   55.0000         0   15.0000    1.0000    1.0000
         0         0         0   53.0000    1.0000   13.0000    2.0000    1.0000
   34.8283         0   28.8743   51.0000    1.0000   16.0000    2.0000    1.0000
    5.6108   58.0205    4.9355   49.0000         0   16.0000    4.0000    1.0000
         0         0         0   48.0000    1.0000   12.0000    1.0000    1.0000
   42.5313         0   37.7159   47.0000    1.0000   16.0000    2.0000    1.0000
   30.4509         0   24.1770   52.0000    1.0000   16.0000    2.0000    1.0000
    2.1053   62.9918    3.5231   43.0000    1.0000   16.0000    6.0000    1.0000
         0         0         0   42.0000    1.0000   16.0000    2.0000    1.0000
   20.7430         0   24.8640   41.0000         0   12.0000    5.0000    1.0000
   34.5904         0   23.0069   42.0000         0   16.0000    1.0000    1.0000
   29.3555  210.8588   13.3557   35.0000    1.0000   16.0000    3.0000    1.0000
   20.3577   39.8259   15.4743   36.0000         0   13.0000    3.0000    1.0000
    3.4867   31.7218   11.2301   34.0000         0   16.0000    2.0000    1.0000
         0  101.4292   22.0356   66.0000    1.0000   12.0000   10.0000         0
    4.6032   29.8692    8.5560   61.0000         0   12.0000    5.0000    1.0000
   17.5348  138.2383   25.1009   55.0000    1.0000   14.0000    3.0000    1.0000
   42.7724         0   39.4313   54.0000    1.0000   12.0000    4.0000    1.0000
         0   31.7218    5.6852   49.0000    1.0000   11.0000    2.0000         0
   23.2768   11.4565   15.5702   49.0000    1.0000   14.0000    2.0000    1.0000
   22.4696         0   20.6312   51.0000    1.0000   14.0000    2.0000    1.0000
   34.1005         0   31.4707   47.0000    1.0000   12.0000    2.0000    1.0000
         0         0         0   45.0000         0   16.0000    2.0000    1.0000
   16.5830         0   11.4382   36.0000    1.0000   16.0000    2.0000    1.0000
    8.2173         0    0.2291   31.0000    1.0000   16.0000    2.0000         0
   42.7822         0   35.6738   39.0000    1.0000   16.0000    1.0000    1.0000
         0         0   16.8272   37.0000         0   14.0000    1.0000         0
   38.8789         0   39.1373   39.0000    1.0000   16.0000    1.0000    1.0000
    6.7169   15.1102    3.5856   33.0000         0   12.0000    2.0000    1.0000
    4.7726         0   33.2505   65.0000    1.0000   12.0000    2.0000    1.0000
         0  484.7890    0.0436   60.0000    1.0000    8.0000   10.0000    1.0000
   35.0443  181.3287   27.1984   56.0000    1.0000   16.0000    5.0000    1.0000
   41.3984         0   36.2169   47.0000    1.0000   13.0000   10.0000    1.0000
   19.3042         0   18.4615   44.0000    1.0000   16.0000         0    1.0000
    0.1730         0         0   42.0000    1.0000   16.0000         0    1.0000
    8.2169   25.0144    4.8622   43.0000         0   12.0000   10.0000    1.0000
    6.2927   62.9918    8.4516   36.0000         0   16.0000    4.0000    1.0000
    0.3558         0    0.9194   23.0000         0   16.0000    1.0000         0
   14.7243         0    2.7677   27.0000         0   16.0000    2.0000    1.0000
   35.9612         0   36.7978   64.0000    1.0000   16.0000    3.0000    1.0000
    6.8833  101.8178   16.3212   63.0000         0   12.0000    1.0000    1.0000
    3.7547  121.6035   18.4405   58.0000    1.0000   14.0000    2.0000    1.0000
         0         0         0   53.0000    1.0000   16.0000    1.0000    1.0000
    3.7490         0   19.5414   56.0000    1.0000   14.0000    2.0000    1.0000
   21.5374   11.4565   31.2660   49.0000    1.0000   12.0000    2.0000    1.0000
   42.7241         0   39.0000   48.0000    1.0000   14.0000    2.0000    1.0000
         0         0         0   41.0000    1.0000   16.0000    1.0000    1.0000
   16.0922   23.0884   14.3704   33.0000    1.0000   14.0000    3.0000    1.0000
    7.3549         0    9.0921   64.0000         0   12.0000    2.0000    1.0000
         0  115.7576    2.6632   68.0000         0   12.0000    6.0000    1.0000
    6.9475         0   36.8124   68.0000    1.0000   14.0000    1.0000    1.0000
         0  305.0932         0   68.0000    1.0000   13.0000    2.0000    1.0000
   12.6035         0   35.6499   64.0000    1.0000   12.0000    5.0000    1.0000
    0.1060   54.4637         0   61.0000    1.0000   11.0000    6.0000    1.0000
    5.5144         0    1.3172   63.0000    1.0000   16.0000    2.0000         0
    3.7624         0    1.7675   58.0000    1.0000   13.0000    2.0000         0
   27.0453         0   19.6622   60.0000    1.0000   12.0000    2.0000    1.0000
         0   22.7579         0   54.0000    1.0000   16.0000   10.0000         0
   31.9273   29.1050   24.3837   48.0000    1.0000   12.0000    4.0000    1.0000
   42.8040         0   38.3377   45.0000    1.0000   16.0000    1.0000    1.0000
   40.3360         0   33.6103   42.0000         0   16.0000    5.0000    1.0000
         0         0         0   40.0000    1.0000   16.0000    2.0000    1.0000
    7.4911   24.7488   15.8836   38.0000         0   12.0000    2.0000    1.0000
   17.8741  107.1453   14.7487   34.0000         0   12.0000    3.0000    1.0000
    0.0676         0    0.2628   33.0000         0   16.0000    2.0000         0
   13.6947   62.8846   12.6982   34.0000    1.0000   12.0000    2.0000         0
         0    9.0523         0   50.0000         0   14.0000   10.0000         0
   13.5413  103.0520   17.6444   27.0000    1.0000    8.0000   10.0000    1.0000
    0.2986         0    1.1971   81.0000         0   14.0000    1.0000         0
    0.0099  116.4085   30.8871   67.0000    1.0000   13.0000    3.0000         0
    0.5683   99.8883   16.0040   63.0000         0   13.0000    4.0000    1.0000
         0         0         0   62.0000         0   14.0000    2.0000    1.0000
   40.1601         0   38.5323   54.0000    1.0000   16.0000    2.0000    1.0000
   20.2928   41.2345   23.7610   51.0000    1.0000   12.0000    4.0000    1.0000
   42.5313         0   37.7586   52.0000    1.0000   16.0000    2.0000    1.0000
    8.9668   33.8369   30.8607   48.0000    1.0000   14.0000    1.0000    1.0000
   42.3635         0   37.4751   42.0000    1.0000   16.0000    2.0000    1.0000
   22.2177         0    2.6899   45.0000         0   16.0000    2.0000    1.0000
   42.5313         0   38.1107   40.0000    1.0000   16.0000    2.0000    1.0000
    0.6918         0    1.0869   41.0000         0   10.0000    1.0000         0
   12.0263   12.1690    7.6640   41.0000         0   13.0000    2.0000    1.0000
   17.8252  230.5788   15.1430   42.0000    1.0000   14.0000   10.0000    1.0000
    9.3807  144.1352   25.3625   35.0000    1.0000   14.0000    6.0000    1.0000
    1.6113         0    4.8702   68.0000    1.0000   16.0000    3.0000         0
         0         0         0   77.0000    1.0000   16.0000    2.0000         0
   26.6404  119.5463   35.8654   61.0000    1.0000   12.0000   10.0000    1.0000
   30.8512         0   35.1231   63.0000    1.0000   12.0000    2.0000    1.0000
         0   16.3802    0.3671   68.0000         0   12.0000    4.0000         0
         0         0   15.2436   68.0000    1.0000   14.0000    4.0000    1.0000
         0         0         0   64.0000    1.0000   12.0000    1.0000    1.0000
         0         0         0   63.0000         0   12.0000    1.0000         0
   42.5313         0   28.5151   61.0000         0   12.0000    1.0000    1.0000
   33.7534         0   27.8121   61.0000    1.0000   12.0000    2.0000    1.0000
         0    9.3748         0   60.0000         0   10.0000    5.0000         0
         0         0         0   59.0000    1.0000   12.0000   10.0000    1.0000
    2.6635    9.8144    5.3907   58.0000         0   12.0000    1.0000         0
         0   43.9197         0   85.0000    1.0000   16.0000   10.0000         0
    0.5095         0    1.2202   56.0000         0   12.0000    2.0000    1.0000
         0   28.6407         0   51.0000    1.0000   12.0000   10.0000    1.0000
    4.6396   53.4174    5.8776   45.0000         0   13.0000   10.0000    1.0000
    1.4206         0    1.0810   42.0000         0   13.0000    1.0000         0
    9.4400   10.0497    9.8404   54.0000         0   12.0000   10.0000    1.0000
         0         0         0   41.0000    1.0000   16.0000    2.0000    1.0000
   34.3867   14.4767   24.3672   33.0000    1.0000   12.0000    1.0000    1.0000
    0.2431   33.8369    3.5832   32.0000    1.0000   16.0000    2.0000    1.0000
   13.2768   15.2500    6.7488   26.0000    1.0000   13.0000   10.0000    1.0000
         0   49.1112         0   75.0000         0   12.0000    1.0000         0
   27.9207         0   30.4421   63.0000    1.0000   16.0000    2.0000    1.0000
    0.3924         0    0.9636   61.0000         0    8.0000    3.0000    1.0000
   37.2171         0   36.8895   57.0000    1.0000   14.0000    2.0000    1.0000
         0         0         0   58.0000         0   16.0000    2.0000         0
    0.0530         0         0   55.0000         0   16.0000    2.0000    1.0000
   18.9417   31.5142   21.6048   47.0000    1.0000   11.0000   10.0000    1.0000
   42.0999         0   37.1950   43.0000    1.0000   16.0000    1.0000    1.0000
         0         0         0   41.0000    1.0000   16.0000    1.0000    1.0000
         0         0         0   42.0000    1.0000   16.0000    2.0000    1.0000
   11.1464   38.0432    4.8276   40.0000    1.0000   12.0000         0    1.0000
   35.3498         0   35.0306   56.0000    1.0000   16.0000    2.0000    1.0000
    0.1019         0    4.0940   32.0000    1.0000   16.0000    2.0000    1.0000
    5.1253   23.5000    3.8063   25.0000    1.0000   12.0000    5.0000    1.0000
         0         0         0   76.0000    1.0000    8.0000    2.0000         0
   41.8666   54.4319   35.9414   61.0000    1.0000   12.0000    3.0000    1.0000
         0    5.0000         0   62.0000         0    8.0000    1.0000         0
    6.0021         0   20.3294   62.0000    1.0000   12.0000    2.0000    1.0000
   24.0535         0   37.7586   59.0000    1.0000    9.0000    1.0000    1.0000
         0         0    1.6702   59.0000         0   12.0000    1.0000         0
    0.1590         0         0   59.0000         0   12.0000    1.0000    1.0000
         0   12.6560   14.9229   63.0000    1.0000    8.0000    2.0000         0
    1.2975  168.8272   30.6027   50.0000    1.0000   12.0000    1.0000    1.0000
   17.8427   35.1740   19.6687   49.0000         0   16.0000    1.0000    1.0000
    8.2025   32.8357    4.0680   45.0000         0   12.0000    1.0000    1.0000
   36.2626         0    9.7938   43.0000    1.0000   16.0000    1.0000    1.0000
   10.2111   21.4273    4.8202   36.0000         0   12.0000    6.0000         0
    6.6401   83.5353         0   34.0000         0   16.0000    1.0000    1.0000
   12.7055   33.8369    5.5519   30.0000    1.0000   16.0000   10.0000         0
    2.0837         0    7.4087   73.0000         0   12.0000    2.0000         0
    7.4780  270.1005   40.0890   66.0000    1.0000   16.0000    3.0000    1.0000
         0   31.7480         0   71.0000         0   12.0000    5.0000         0
         0   29.8692         0   65.0000         0    9.0000    3.0000         0
    8.4016         0    1.5440   62.0000    1.0000   16.0000    2.0000    1.0000
    0.5722   20.8938         0   62.0000         0   12.0000    4.0000    1.0000
   28.2383         0   21.1697   57.0000    1.0000   16.0000    2.0000    1.0000
   41.5131         0   29.1216   50.0000    1.0000   11.0000    2.0000    1.0000
    7.1950   20.5862   22.3841   54.0000    1.0000   10.0000    3.0000    1.0000
   16.5773         0   10.8205   52.0000         0   14.0000    1.0000    1.0000
   28.0258   29.8692   15.4454   48.0000         0   12.0000    2.0000    1.0000
   42.3290         0   34.4883   46.0000    1.0000   12.0000    2.0000    1.0000
    0.3052         0         0   50.0000         0   16.0000    1.0000    1.0000
   41.3673         0   33.4357   48.0000    1.0000   16.0000    2.0000    1.0000
         0         0         0   49.0000         0   16.0000    1.0000    1.0000
    1.6134   19.9099    6.0699   27.0000         0   15.0000    2.0000    1.0000
   24.7086   22.9820   12.9046   28.0000         0   12.0000    2.0000    1.0000
   28.9740   33.5609   24.2618   35.0000    1.0000   12.0000   10.0000    1.0000
    0.0096         0   12.4201   69.0000    1.0000   13.0000    2.0000         0
   10.9889   55.0333   20.0324   57.0000    1.0000   12.0000    2.0000    1.0000
    1.3365   62.9510    7.9985   53.0000    1.0000   11.0000    5.0000    1.0000
   25.3702   29.4251   23.3416   36.0000    1.0000   15.0000    1.0000    1.0000
   15.2554   11.9259    2.3199   25.0000         0   16.0000    2.0000         0
    4.1428   54.6647   12.4452   83.0000    1.0000    8.0000    3.0000    1.0000
    3.7269         0   20.8506   66.0000    1.0000   13.0000    1.0000    1.0000
   42.7724         0   39.0171   63.0000    1.0000   16.0000    1.0000    1.0000
   24.0380   11.2458    1.0978   28.0000    1.0000   16.0000    5.0000    1.0000
   39.6408         0   36.5274   45.0000    1.0000   16.0000    2.0000    1.0000
    9.9646   29.4251   13.6428   31.0000         0   16.0000    1.0000    1.0000
         0   62.6319    0.3239   64.0000         0   12.0000    6.0000         0
   15.8049         0   17.3094   63.0000         0   15.0000    2.0000    1.0000
   42.5313         0   37.7586   62.0000    1.0000   16.0000    1.0000    1.0000
    1.0952  137.2718   19.5431   48.0000    1.0000   14.0000         0    1.0000
   17.0028   76.6535   15.5814   35.0000         0   16.0000    5.0000         0
   17.2340   16.9925   17.5015   32.0000    1.0000   12.0000   10.0000    1.0000
    4.4940   22.7695   15.2692   64.0000         0   12.0000    3.0000    1.0000
    0.4852  119.3723         0   64.0000         0   12.0000    1.0000    1.0000
   42.9810   53.8163   39.4313   53.0000    1.0000   16.0000    5.0000    1.0000
    4.2763   16.9925         0   54.0000         0   11.0000    2.0000    1.0000
    0.0104   10.0497    4.8714   33.0000         0   16.0000    2.0000    1.0000
         0         0         0   47.0000         0   16.0000    3.0000         0
    3.1114   59.0390   36.8657   65.0000    1.0000   14.0000    3.0000    1.0000
    8.3724  157.2606   31.3888   53.0000    1.0000   13.0000   10.0000    1.0000
    4.5138         0    1.6843   41.0000         0   14.0000    2.0000         0
         0   16.4039         0   74.0000         0   12.0000    1.0000         0
   15.2613   41.2422    6.2202   25.0000    1.0000   13.0000    3.0000    1.0000
   42.5313         0   37.7586   54.0000    1.0000   16.0000    2.0000    1.0000
         0         0         0   51.0000         0   16.0000    2.0000    1.0000
   11.1998         0   13.5946   71.0000    1.0000   16.0000    1.0000         0
    1.3649         0    5.9249   69.0000         0   16.0000    2.0000    1.0000
    1.2853   14.4881    3.4773   27.0000    1.0000   13.0000    2.0000    1.0000
   42.7724         0   38.2446   45.0000    1.0000   16.0000    2.0000    1.0000
    0.0404         0    0.0403   66.0000         0   16.0000    1.0000         0
         0         0   11.6333   72.0000    1.0000   14.0000    3.0000         0
         0         0    1.2179   51.0000    1.0000   16.0000    1.0000    1.0000
   17.5807         0   22.3643   39.0000         0   14.0000    2.0000    1.0000
   22.3915   23.0884   18.0535   34.0000         0   15.0000    5.0000    1.0000
   41.8515         0   39.0171   57.0000    1.0000   16.0000    2.0000    1.0000
    0.4208         0    1.2233   39.0000         0   16.0000    1.0000         0
    9.0023         0   17.7826   62.0000         0   16.0000    1.0000    1.0000
         0         0         0   73.0000         0   14.0000    1.0000         0
    1.9782  102.0906    8.4103   35.0000         0   16.0000    5.0000    1.0000
   19.6622         0   20.5047   37.0000    1.0000   16.0000    2.0000    1.0000
   42.5313         0   38.2713   45.0000    1.0000   16.0000    1.0000    1.0000
    2.7560   11.1390   10.0328   36.0000         0   12.0000    5.0000         0
   38.6012         0   30.2217   60.0000         0   16.0000    1.0000    1.0000
    4.8343   26.4744   13.2089   64.0000    1.0000   14.0000    2.0000    1.0000
   42.5801         0   33.7996   41.0000         0   16.0000    2.0000    1.0000
         0   28.6220         0   49.0000         0   16.0000    1.0000    1.0000
         0         0         0   67.0000         0   12.0000    2.0000         0
         0  165.5804         0   36.0000    1.0000   15.0000    4.0000    1.0000
         0  174.3098         0   35.0000    1.0000   14.0000    1.0000    1.0000
         0  138.2383    9.0361   75.0000    1.0000   12.0000    2.0000         0
   13.0013   22.8345         0   48.0000         0   13.0000    3.0000    1.0000
   17.3066   23.0884   22.0864   61.0000    1.0000   12.0000   10.0000    1.0000
   27.5470         0    4.2996   39.0000    1.0000   16.0000    1.0000    1.0000
         0         0         0   51.0000    1.0000   16.0000    1.0000    1.0000
   42.0999         0   35.8445   38.0000    1.0000   16.0000    2.0000    1.0000
   18.6654         0   14.1393   31.0000         0   14.0000    1.0000    1.0000
         0         0   14.7934   64.0000    1.0000   16.0000    2.0000         0
         0         0         0   51.0000    1.0000   16.0000    2.0000    1.0000
   37.6881   11.2458   27.3718   38.0000    1.0000   16.0000    3.0000    1.0000
   43.1379         0   40.0890   46.0000    1.0000   16.0000    1.0000    1.0000
    6.6495   62.4715   37.8231   64.0000    1.0000   16.0000    2.0000    1.0000
    2.4577         0   21.7802   67.0000    1.0000   13.0000    2.0000    1.0000
   23.0511   14.0032    8.3892   34.0000    1.0000   15.0000    2.0000    1.0000
   42.5313         0   37.7586   58.0000    1.0000   16.0000    4.0000    1.0000
   11.8366   72.0676   16.6495   33.0000         0   16.0000    1.0000    1.0000
   42.0999         0   34.0176   48.0000         0   16.0000    2.0000    1.0000
   42.0999         0   36.7978   47.0000    1.0000   16.0000    2.0000    1.0000
    0.0193   19.9099    0.4396   48.0000         0   13.0000    5.0000         0
   42.1608         0   37.8184   50.0000    1.0000   16.0000    1.0000    1.0000
    2.8983   37.3856    4.7062   33.0000         0   16.0000    2.0000    1.0000
    0.0397  106.6092    4.5385   50.0000         0    8.0000   10.0000    1.0000
         0         0         0   72.0000    1.0000   12.0000    2.0000         0

